|id |va_id|stream_id|gender|age|count|date                      |client_id|
|---|-----|---------|------|---|-----|--------------------------|---------|
|1  |145  |108      |1     |5  |1    |2024-05-13 07:38:00.107495|4        |
|2  |145  |108      |1     |5  |1    |2024-05-13 09:00:24.90037 |4        |
|3  |296  |202      |0     |3  |1    |2024-07-12 19:01:08.325273|45       |
|4  |296  |202      |0     |3  |1    |2024-07-12 19:01:20.469569|45       |
|5  |296  |202      |0     |4  |1    |2024-07-12 19:02:14.029063|45       |
|6  |296  |202      |1     |4  |1    |2024-07-12 19:02:24.041645|45       |
|7  |296  |202      |0     |4  |1    |2024-07-12 19:02:47.714294|45       |
|8  |296  |202      |1     |5  |1    |2024-07-12 19:03:03.330076|45       |
|9  |296  |202      |1     |5  |1    |2024-07-12 19:03:46.921741|45       |
|10 |296  |202      |1     |5  |1    |2024-07-12 19:04:08.572816|45       |
|11 |296  |202      |1     |5  |1    |2024-07-12 19:04:17.960209|45       |
|12 |296  |202      |1     |5  |1    |2024-07-12 19:04:32.240154|45       |
|13 |296  |202      |1     |4  |1    |2024-07-12 19:04:37.971066|45       |
|14 |296  |202      |1     |4  |1    |2024-07-12 19:04:47.63174 |45       |
|15 |296  |202      |0     |3  |1    |2024-07-12 19:04:48.506095|45       |
|16 |296  |202      |1     |5  |1    |2024-07-12 19:05:01.987368|45       |
|17 |296  |202      |0     |4  |1    |2024-07-12 19:05:43.867739|45       |
|18 |296  |202      |0     |3  |1    |2024-07-12 19:06:11.02354 |45       |
|19 |296  |202      |1     |5  |1    |2024-07-12 19:06:33.600707|45       |
|20 |296  |202      |1     |1  |1    |2024-07-12 19:06:55.851305|45       |
|21 |296  |202      |0     |4  |1    |2024-07-12 19:08:41.530234|45       |
|22 |296  |202      |1     |3  |1    |2024-07-12 19:15:00.92192 |45       |
|23 |296  |202      |0     |5  |1    |2024-07-12 19:15:17.357887|45       |
|24 |296  |202      |1     |4  |1    |2024-07-12 19:15:22.878213|45       |
|25 |296  |202      |1     |5  |1    |2024-07-12 19:15:57.677483|45       |
|26 |296  |202      |0     |4  |1    |2024-07-12 19:16:14.38257 |45       |
|27 |296  |202      |0     |3  |1    |2024-07-12 19:16:26.587416|45       |
|28 |296  |202      |0     |5  |1    |2024-07-12 19:21:09.707178|45       |
|29 |296  |202      |1     |5  |1    |2024-07-12 19:22:38.571462|45       |
|30 |296  |202      |1     |4  |1    |2024-07-12 19:22:42.501359|45       |
|31 |296  |202      |1     |5  |1    |2024-07-12 19:22:59.868468|45       |
|32 |296  |202      |1     |5  |1    |2024-07-12 19:23:45.370551|45       |
|33 |296  |202      |1     |4  |1    |2024-07-12 19:25:46.377706|45       |
|34 |296  |202      |0     |4  |1    |2024-07-12 19:32:06.645217|45       |
|35 |296  |202      |1     |5  |1    |2024-07-12 19:32:30.719016|45       |
|36 |296  |202      |1     |4  |1    |2024-07-12 19:33:15.262213|45       |
|37 |296  |202      |1     |4  |1    |2024-07-12 19:33:35.849334|45       |
|38 |296  |202      |1     |4  |1    |2024-07-12 19:33:47.463485|45       |
|39 |296  |202      |1     |5  |1    |2024-07-12 19:33:57.265396|45       |
|40 |296  |202      |1     |4  |1    |2024-07-12 19:34:14.786566|45       |
|41 |296  |202      |0     |3  |1    |2024-07-12 19:35:52.447144|45       |
|42 |296  |202      |0     |3  |1    |2024-07-12 19:36:02.401263|45       |
|43 |296  |202      |1     |4  |1    |2024-07-12 19:38:59.733439|45       |
|44 |296  |202      |1     |5  |1    |2024-07-12 19:39:10.182732|45       |
|45 |296  |202      |1     |4  |1    |2024-07-12 19:39:21.028856|45       |
|46 |296  |202      |0     |4  |1    |2024-07-12 19:39:26.802808|45       |
|47 |296  |202      |1     |3  |1    |2024-07-12 19:39:32.20207 |45       |
|48 |296  |202      |0     |3  |1    |2024-07-12 19:39:40.527961|45       |
|49 |296  |202      |0     |3  |1    |2024-07-12 19:39:44.387311|45       |
|50 |296  |202      |0     |5  |1    |2024-07-12 19:39:54.392528|45       |
|51 |296  |202      |0     |4  |1    |2024-07-12 19:40:05.435021|45       |
|52 |296  |202      |0     |3  |1    |2024-07-12 19:40:15.674335|45       |
|53 |296  |202      |0     |3  |1    |2024-07-12 19:42:35.585372|45       |
|54 |296  |202      |0     |4  |1    |2024-07-12 19:42:52.951049|45       |
|55 |296  |202      |0     |3  |1    |2024-07-12 19:44:00.082003|45       |
|56 |296  |202      |0     |4  |1    |2024-07-12 19:44:06.239813|45       |
|57 |296  |202      |1     |5  |1    |2024-07-12 19:44:24.379897|45       |
|58 |296  |202      |1     |4  |1    |2024-07-12 19:44:37.203528|45       |
|59 |296  |202      |0     |4  |1    |2024-07-12 19:44:55.935117|45       |
|60 |296  |202      |0     |4  |1    |2024-07-12 19:45:00.061475|45       |
|61 |296  |202      |0     |5  |1    |2024-07-12 19:45:02.728551|45       |
|62 |296  |202      |1     |4  |1    |2024-07-12 19:45:26.51526 |45       |
|63 |296  |202      |1     |5  |1    |2024-07-12 19:45:35.783875|45       |
|64 |296  |202      |1     |5  |1    |2024-07-12 19:45:47.669984|45       |
|65 |296  |202      |1     |5  |1    |2024-07-12 19:45:56.987182|45       |
|66 |296  |202      |1     |5  |1    |2024-07-12 19:46:06.383554|45       |
|67 |296  |202      |1     |4  |1    |2024-07-12 19:46:38.408562|45       |
|68 |296  |202      |1     |5  |1    |2024-07-12 19:46:48.446238|45       |
|69 |296  |202      |0     |4  |1    |2024-07-12 20:00:41.62391 |45       |
|70 |296  |202      |0     |3  |1    |2024-07-12 20:00:53.074291|45       |
|71 |296  |202      |0     |3  |1    |2024-07-12 20:01:03.212578|45       |
|72 |296  |202      |0     |3  |1    |2024-07-12 20:01:13.482458|45       |
|73 |296  |202      |1     |4  |1    |2024-07-12 20:01:15.218709|45       |
|74 |296  |202      |0     |4  |1    |2024-07-12 20:01:24.137188|45       |
|75 |296  |202      |1     |5  |1    |2024-07-12 20:02:31.464595|45       |
|76 |296  |202      |1     |4  |1    |2024-07-12 20:03:31.327983|45       |
|77 |296  |202      |1     |4  |1    |2024-07-12 20:04:47.381343|45       |
|78 |296  |202      |1     |4  |1    |2024-07-12 20:06:02.805852|45       |
|79 |296  |202      |0     |3  |1    |2024-07-12 20:06:13.537745|45       |
|80 |296  |202      |1     |4  |1    |2024-07-12 20:06:23.079788|45       |
|81 |296  |202      |0     |3  |1    |2024-07-12 20:06:25.006427|45       |
|82 |296  |202      |1     |4  |1    |2024-07-12 20:06:46.389437|45       |
|83 |296  |202      |1     |4  |1    |2024-07-12 20:07:04.408911|45       |
|84 |296  |202      |1     |5  |1    |2024-07-12 20:08:11.350751|45       |
|85 |296  |202      |1     |5  |1    |2024-07-12 20:08:17.228844|45       |
|86 |296  |202      |0     |4  |1    |2024-07-12 20:08:19.883517|45       |
|87 |296  |202      |1     |4  |1    |2024-07-12 20:08:29.95421 |45       |
|88 |296  |202      |1     |5  |1    |2024-07-12 20:09:11.357267|45       |
|89 |296  |202      |0     |4  |1    |2024-07-12 20:09:17.73497 |45       |
|90 |296  |202      |0     |7  |1    |2024-07-12 20:09:47.363347|45       |
|91 |296  |202      |0     |3  |1    |2024-07-12 20:10:07.357092|45       |
|92 |296  |202      |1     |4  |2    |2024-07-12 20:11:01.356612|45       |
|93 |296  |202      |1     |5  |1    |2024-07-12 20:11:37.341309|45       |
|94 |296  |202      |1     |4  |1    |2024-07-12 20:12:02.938676|45       |
|95 |296  |202      |1     |5  |1    |2024-07-12 20:12:28.363614|45       |
|96 |296  |202      |1     |4  |1    |2024-07-12 20:12:37.388946|45       |
|97 |296  |202      |0     |3  |1    |2024-07-12 20:12:53.458106|45       |
|98 |296  |202      |1     |5  |1    |2024-07-12 20:14:28.416689|45       |
|99 |296  |202      |0     |4  |1    |2024-07-12 20:15:27.25755 |45       |
|100|296  |202      |0     |3  |1    |2024-07-12 20:15:39.085669|45       |
|101|296  |202      |1     |4  |1    |2024-07-12 20:15:56.687852|45       |
|102|296  |202      |1     |4  |1    |2024-07-12 20:16:11.348572|45       |
|103|296  |202      |0     |3  |1    |2024-07-12 20:16:39.100626|45       |
|104|296  |202      |0     |3  |1    |2024-07-12 20:16:56.740623|45       |
|105|296  |202      |0     |4  |1    |2024-07-12 20:17:02.819581|45       |
|106|296  |202      |1     |5  |1    |2024-07-12 20:17:11.134625|45       |
|107|296  |202      |0     |3  |1    |2024-07-12 20:17:27.766902|45       |
|108|296  |202      |1     |4  |1    |2024-07-12 20:19:05.386901|45       |
|109|296  |202      |1     |4  |1    |2024-07-12 20:19:34.432259|45       |
|110|296  |202      |1     |4  |1    |2024-07-12 20:20:11.013798|45       |
|111|296  |202      |1     |5  |1    |2024-07-12 20:20:25.082633|45       |
|112|296  |202      |1     |4  |1    |2024-07-12 20:20:28.439823|45       |
|113|296  |202      |0     |3  |1    |2024-07-12 20:20:48.48302 |45       |
|114|296  |202      |0     |3  |1    |2024-07-12 20:20:52.945231|45       |
|115|296  |202      |0     |3  |1    |2024-07-12 20:20:54.840845|45       |
|116|296  |202      |0     |4  |1    |2024-07-12 20:21:18.096813|45       |
|117|296  |202      |1     |4  |1    |2024-07-12 20:21:25.416865|45       |
|118|296  |202      |0     |3  |1    |2024-07-12 20:21:28.06243 |45       |
|119|296  |202      |1     |4  |1    |2024-07-12 20:21:52.94632 |45       |
|120|296  |202      |0     |3  |1    |2024-07-12 20:21:54.203163|45       |
|121|296  |202      |0     |3  |1    |2024-07-12 20:22:20.085349|45       |
|122|296  |202      |0     |3  |1    |2024-07-12 20:22:38.073409|45       |
|123|296  |202      |1     |5  |1    |2024-07-12 20:23:04.471995|45       |
|124|296  |202      |1     |4  |1    |2024-07-12 20:23:06.751242|45       |
|125|296  |202      |1     |5  |1    |2024-07-12 20:23:11.95346 |45       |
|126|1,370|371      |1     |4  |1    |2025-08-14 09:16:43.686391|84       |
|127|1,370|371      |1     |4  |1    |2025-08-14 09:16:51.001572|84       |
|128|1,370|371      |1     |5  |1    |2025-08-14 09:22:02.473566|84       |
|129|1,370|371      |1     |4  |1    |2025-08-14 09:22:49.934093|84       |
|130|1,370|371      |1     |4  |1    |2025-08-14 09:22:51.292361|84       |
|131|1,370|371      |0     |7  |1    |2025-08-14 09:23:01.651001|84       |
|132|1,370|371      |0     |4  |1    |2025-08-14 09:23:04.853041|84       |
|133|1,370|371      |1     |4  |1    |2025-08-14 09:23:23.146958|84       |
|134|1,370|371      |1     |4  |1    |2025-08-14 09:23:54.322321|84       |
|135|1,370|371      |1     |5  |1    |2025-08-14 09:25:41.478478|84       |
|136|1,370|371      |1     |10 |1    |2025-08-14 09:29:07.816619|84       |
|137|1,370|371      |1     |5  |1    |2025-08-14 09:30:29.391453|84       |
|138|1,370|371      |1     |7  |1    |2025-08-14 09:30:34.219371|84       |
|139|1,370|371      |1     |6  |1    |2025-08-14 09:30:37.780921|84       |
|140|1,370|371      |1     |5  |1    |2025-08-14 09:31:00.049149|84       |
|141|1,370|371      |1     |4  |1    |2025-08-14 09:31:33.122278|84       |
|142|1,370|371      |1     |4  |1    |2025-08-14 09:31:37.61892 |84       |
|143|1,370|371      |1     |4  |1    |2025-08-14 09:31:39.367254|84       |
|144|1,370|371      |1     |6  |1    |2025-08-14 09:33:51.351419|84       |
|145|1,370|371      |1     |6  |1    |2025-08-14 09:34:26.583468|84       |
